nios2-terminal: connected to hardware target using JTAG UART on cable
nios2-terminal: "USB-Blaster [2-1.1]", device 1, instance 0
nios2-terminal: (Use the IDE stop button or Ctrl-C to terminate)

P3
32 16
255000 000 000  
000 000 000  000 000 000  000 003 014  031 063 027  031 060 012  000 000 019  000 002 012  000 000 000  000 001 026  031 063 011  031 062 014  000 002 025  000 001 012  000 000 008  000 002 019  000 003 014  031 061 025  031 060 014  000 001 025  031 061 013  031 063 028  000 000 000  000 003 000  031 063 001  031 061 012  031 063 018  031 063 010  031 063 008  000 001 025  031 063 015  031 062 030  000 000 008  
000 002 030  000 000 024  000 002 002  000 003 010  031 061 009  031 063 014  031 062 026  000 000 008  000 002 025  000 003 012  031 062 017  000 002 013  000 000 028  000 003 018  031 063 011  000 000 008  031 061 028  031 063 018  031 061 010  031 061 010  031 060 008  000 001 001  031 062 013  000 000 000  000 000 001  000 003 014  031 062 027  000 000 013  000 000 030  000 002 024  000 001 002  000 000 008  
000 002 027  000 001 012  031 063 019  031 061 014  031 062 026  000 003 011  031 062 013  000 000 000  031 063 015  031 061 028  031 063 018  031 063 010  031 061 008  031 060 002  000 001 009  000 000 000  000 001 009  031 062 015  000 003 031  031 062 029  000 000 029  000 002 030  000 002 026  000 000 000  031 062 014  000 003 025  031 062 013  000 000 029  000 002 030  000 000 026  000 003 010  000 000 008  
000 003 017  031 063 013  031 063 028  031 060 016  000 000 003  000 003 012  000 000 000  031 060 019  000 000 000  031 061 013  031 061 028  031 060 016  000 001 001  031 060 013  000 003 029  031 063 031  000 000 008  031 063 019  031 062 012  000 001 017  031 060 015  000 001 029  031 060 029  000 000 029  000 000 008  031 063 027  031 063 014  000 000 000  000 000 012  000 000 000  000 000 003  000 002 014  
000 000 000  000 000 000  000 000 000  000 000 000  000 000 000  000 000 000  000 000 000  000 000 000  000 000 000  000 000 000  000 000 000  000 000 000  000 000 000  000 000 000  000 000 000  000 000 000  000 000 000  000 000 000  000 000 000  000 000 000  000 000 000  000 000 000  000 000 000  000 000 000  000 000 000  000 000 000  000 000 000  000 000 000  000 000 000  000 000 000  000 000 000  000 000 000  
000 000 000  000 000 000  000 000 000  000 000 000  000 000 000  000 000 000  000 000 000  000 000 000  000 000 000  000 000 000  000 000 000  000 000 000  000 000 000  000 000 000  000 000 000  000 000 000  000 000 000  000 000 000  000 000 000  000 000 000  000 000 000  000 000 000  000 000 000  000 000 000  000 000 000  000 000 000  000 000 000  000 000 000  000 000 000  000 000 000  000 000 000  000 000 000  
000 000 000  000 000 000  000 000 000  000 000 000  000 000 000  000 000 000  000 000 000  000 000 000  000 000 000  000 000 000  000 000 000  000 000 000  000 000 000  000 000 000  000 000 000  000 000 000  000 000 000  000 000 000  000 000 000  000 000 000  000 000 000  000 000 000  000 000 000  000 000 000  000 000 000  000 000 000  000 000 000  000 000 000  000 000 000  000 000 000  000 000 000  000 000 000  
000 000 000  000 000 000  000 000 000  000 000 000  000 000 000  000 000 000  000 000 000  000 000 000  000 000 000  000 000 000  000 000 000  000 000 000  000 000 000  000 000 000  000 000 000  000 000 000  000 000 000  000 000 000  000 000 000  000 000 000  000 000 000  000 000 000  000 000 000  000 000 000  000 000 000  000 000 000  000 000 000  000 000 000  000 000 000  000 000 000  000 000 000  000 000 000  
000 000 000  000 000 000  000 000 000  000 000 000  000 000 000  000 000 000  000 000 000  000 000 000  000 000 000  000 000 000  000 000 000  000 000 000  000 000 000  000 000 000  000 000 000  000 000 000  000 000 000  000 000 000  000 000 000  000 000 000  000 000 000  000 000 000  000 000 000  000 000 000  000 000 000  000 000 000  000 000 000  000 000 000  000 000 000  000 000 000  000 000 000  000 000 000  
000 000 000  000 000 000  000 000 000  000 000 000  000 000 000  000 000 000  000 000 000  000 000 000  000 000 000  000 000 000  000 000 000  000 000 000  000 000 000  000 000 000  000 000 000  000 000 000  000 000 000  000 000 000  000 000 000  000 000 000  000 000 000  000 000 000  000 000 000  000 000 000  000 000 000  000 000 000  000 000 000  000 000 000  000 000 000  000 000 000  000 000 000  000 000 000  
000 000 000  000 000 000  000 000 000  000 000 000  000 000 000  000 000 000  000 000 000  000 000 000  000 000 000  000 000 000  000 000 000  000 000 000  000 000 000  000 000 000  000 000 000  000 000 000  000 000 000  000 000 000  000 000 000  000 000 000  000 000 000  000 000 000  000 000 000  000 000 000  000 000 000  000 000 000  000 000 000  000 000 000  000 000 000  000 000 000  000 000 000  000 000 000  
000 000 000  000 000 000  000 000 000  000 000 000  000 000 000  000 000 000  000 000 000  000 000 000  000 000 000  000 000 000  000 000 000  000 000 000  000 000 000  000 000 000  000 000 000  000 000 000  000 000 000  000 000 000  000 000 000  000 000 000  000 000 000  000 000 000  000 000 000  000 000 000  000 000 000  000 000 000  000 000 000  000 000 000  000 000 000  000 000 000  000 000 000  000 000 000  
000 000 000  000 000 000  000 000 000  000 000 000  000 000 000  000 000 000  000 000 000  000 000 000  000 000 000  000 000 000  000 000 000  000 000 000  000 000 000  000 000 000  000 000 000  000 000 000  000 000 000  000 000 000  000 000 000  000 000 000  000 000 000  000 000 000  000 000 000  000 000 000  000 000 000  000 000 000  000 000 000  000 000 000  000 000 000  000 000 000  000 000 000  000 000 000  
000 000 000  000 000 000  000 000 000  000 000 000  000 000 000  000 000 000  000 000 000  000 000 000  000 000 000  000 000 000  000 000 000  000 000 000  000 000 000  000 000 000  000 000 000  000 000 000  000 000 000  000 000 000  000 000 000  000 000 000  000 000 000  000 000 000  000 000 000  000 000 000  000 000 000  000 000 000  000 000 000  000 000 000  000 000 000  000 000 000  000 000 000  000 000 000  
000 000 000  000 000 000  000 000 000  000 000 000  000 000 000  000 000 000  000 000 000  000 000 000  000 000 000  000 000 000  000 000 000  000 000 000  000 000 000  000 000 000  000 000 000  000 000 000  000 000 000  000 000 000  000 000 000  000 000 000  000 000 000  000 000 000  000 000 000  000 000 000  000 000 000  000 000 000  000 000 000  000 000 000  000 000 000  000 000 000  000 000 000  000 000 000  
000 000 000  000 000 000  000 000 000  000 000 000  000 000 000  000 000 000  000 000 000  000 000 000  000 000 000  000 000 000  000 000 000  000 000 000  000 000 000  000 000 000  000 000 000  000 000 000  000 000 000  000 000 000  000 000 000  000 000 000  000 000 000  000 000 000  000 000 000  000 000 000  000 000 000  000 000 000  000 000 000  000 000 000  000 000 000  000 000 000  000 000 000  
# Done


nios2-terminal: exiting due to ^C on host
